0 0
200 0
400 0
600 0
800 0
1000 0
1200 0
1400 0
1600 0
1800 0
2000 0
2200 0
2400 0
2600 0
2800 0
3000 0
3200 0
3400 0
3600 0
3800 0
4000 0
4200 0
4400 0
4600 0
4800 0
5000 0
5200 0
5400 0
5600 0
5800 0
6000 0
6200 0
6400 0
6600 0
6800 0
7000 0
7200 0
7400 0
7600 0
7800 0
8000 0
8200 0
8400 0
8600 0
8800 0
9000 0
9200 0
9400 0
9600 0
9800 0
10000 0
10200 0
10400 0
10600 0
10800 0
11000 0
11200 0
11400 0
11600 0
11800 0
12000 0
12200 0
12400 0
12600 0
12800 0
13000 0
13200 0
13400 0
13600 0
13800 0
14000 0
14200 0
14400 0
14600 0
14800 0
15000 0
15200 0
15400 0
15600 0
15800 0
16000 0
16200 0
16400 0
16600 0
16800 0
17000 0
17200 0
17400 0
17600 0
17800 0
18000 0
18200 0
18400 0
18600 0
18800 0
19000 0
19200 0
19400 0
19600 0
19800 0
20000 0
20200 0
20400 0
20600 0
20800 0
21000 0
21200 0
21400 0
21600 0
21800 0
22000 0
22200 0
22400 0
22600 0
22800 0
23000 0
23200 0
23400 0
23600 0
23800 0
24000 0
24200 0
24400 0
24600 0
24800 0
25000 0
25200 0
25400 0
25600 0
25800 0
26000 0
26200 0
26400 0
26600 0
26800 0
27000 0
27200 0
27400 0
27600 0
27800 0
28000 0
28200 0
28400 0
28600 0
28800 0
29000 0
29200 0
29400 0
29600 0
29800 0
30000 0
30200 0
30400 0
30600 0
30800 0
31000 0
31200 0
31400 0
31600 0
31800 0
32000 0
32200 0
32400 0
32600 0
32800 0
33000 0
33200 0
33400 0
33600 0
33800 0
34000 0
34200 0
34400 0
34600 0
34800 0
35000 0
35200 0
35400 0
35600 0
35800 0
36000 0
36200 0
36400 0
36600 0
36800 0
37000 0
37200 0
37400 0
37600 0
37800 0
38000 0
38200 0
38400 0
38600 0
38800 0
39000 0
39200 0
39400 0
39600 0
39800 0
40000 0
40200 0
40400 0
40600 0
40800 0
41000 0
41200 0
41400 0
41600 0
41800 0
42000 0
42200 0
42400 0
42600 0
42800 225
43000 0
43200 0
43400 0
43600 0
43800 0
44000 0
44200 0
44400 0
44600 0
44800 0
45000 0
45200 582
45400 0
45600 0
45800 435
46000 0
46200 0
46400 0
46600 0
46800 0
47000 0
47200 0
47400 0
47600 0
47800 158
48000 0
48200 0
48400 0
48600 0
48800 0
49000 0
49200 0
49400 0
49600 0
49800 0
50000 0
50200 0
50400 0
50600 0
50800 0
51000 0
51200 0
51400 0
51600 223
51800 0
52000 0
52200 0
52400 0
52600 0
52800 0
53000 0
53200 0
53400 0
53600 0
53800 0
54000 0
54200 0
54400 0
54600 0
54800 0
55000 0
55200 0
55400 0
55600 0
55800 0
56000 0
56200 0
56400 0
56600 0
56800 0
57000 0
57200 0
57400 0
57600 0
57800 0
58000 0
58200 0
58400 0
58600 0
58800 0
59000 0
59200 0
59400 0
59600 0
59800 200
60000 0
60200 158
60400 0
60600 0
60800 0
61000 0
61200 0
61400 0
61600 0
61800 0
62000 0
62200 0
62400 3004
62600 0
62800 0
63000 0
63200 1346
63400 0
63600 0
63800 0
64000 0
64200 0
64400 316
64600 0
64800 0
65000 958
65200 0
65400 0
65600 0
65800 192
66000 1047
66200 1163
66400 0
66600 0
66800 0
67000 449
67200 1513
67400 258
67600 0
67800 516
68000 2002
68200 0
68400 0
68600 259
68800 0
69000 0
69200 0
69400 0
69600 0
69800 0
70000 0
70200 109324
70400 0
70600 258
70800 0
71000 224
71200 0
71400 0
71600 0
71800 0
72000 515
72200 0
72400 0
72600 0
72800 257
73000 518
73200 890
73400 158
73600 516
73800 0
74000 0
74200 0
74400 0
74600 0
74800 0
75000 5576
75200 1329
75400 0
75600 0
75800 0
76000 0
76200 257
76400 0
76600 0
76800 0
77000 0
77200 12804
77400 224
77600 0
77800 0
78000 0
78200 0
78400 258
78600 0
78800 0
79000 0
79200 1216
79400 628
79600 1571
79800 0
80000 158
80200 0
80400 0
80600 0
80800 0
81000 259
81200 516
81400 0
81600 0
81800 158
82000 0
82200 0
82400 0
82600 416
82800 0
83000 0
83200 517
83400 403
83600 1951
83800 404
84000 2304
84200 875
84400 3202
84600 405
84800 0
85000 0
85200 0
85400 192
85600 0
85800 1161
86000 942
86200 0
86400 438
86600 0
86800 406
87000 0
87200 0
87400 0
87600 997
87800 0
88000 0
88200 1840
88400 0
88600 158
88800 0
89000 257
89200 1064
89400 0
89600 495
89800 0
90000 0
90200 0
90400 0
90600 1392
90800 0
91000 258
91200 258
91400 258
91600 0
91800 0
92000 158
92200 627
92400 0
92600 0
92800 15743
93000 775
93200 0
93400 157
93600 157
93800 1840
94000 259
94200 0
94400 0
94600 1381
94800 0
95000 259
95200 0
95400 0
95600 223
95800 0
96000 0
96200 2860
96400 0
96600 840
96800 0
97000 0
97200 0
97400 258
97600 0
97800 774
98000 259
98200 0
98400 1063
98600 516
98800 740
99000 0
99200 0
99400 0
99600 258
99800 933
100000 741
100200 1358
100400 0
100600 1162
100800 0
101000 2954
101200 2463
101400 405
101600 3623
101800 0
102000 0
102200 4173
102400 2790
102600 1514
102800 738
103000 0
103200 259
103400 258
103600 516
103800 258
104000 15499
104200 2904
104400 3613
104600 258
104800 259
105000 0
105200 946
105400 2996
105600 438
105800 447
106000 1278
106200 1101
106400 0
106600 9782
106800 3607
107000 1517
107200 2927
107400 1615
107600 2886
107800 257
108000 776
108200 2884
108400 6361
108600 932
108800 2951
109000 2838
109200 0
109400 2861
109600 2998
109800 5309
110000 2987
110200 2896
110400 2902
110600 2866
110800 258
111000 2987
111200 2998
111400 2974
111600 4017
111800 5449
112000 0
112200 1180
112400 450
112600 8963
112800 2855
113000 1581
113200 3165
113400 2784
113600 11950
113800 2935
114000 3322
114200 8754
114400 516
114600 515
114800 2989
115000 1032
115200 3896
115400 3323
115600 2803
115800 10720
116000 2912
116200 3187
116400 0
116600 0
116800 6903
117000 3341
117200 0
117400 3773
117600 2953
117800 3008
118000 15959
118200 9573
118400 2920
118600 2759
118800 2797
119000 27354
119200 44357
119400 1692
119600 2863
119800 3506
120000 18267
120200 2989
120400 2893
120600 12923
120800 4622
121000 8768
121200 1520
121400 2955
121600 0
121800 5104
122000 3140
122200 7034
122400 4050
122600 3772
122800 2919
123000 7083
123200 5863
123400 6095
123600 2895
123800 1571
124000 7523
124200 4234
124400 2986
124600 5804
124800 2847
125000 9258
125200 4585
125400 20493
125600 2809
125800 4840
126000 159
126200 9796
126400 0
126600 13211
126800 14417
127000 3544
127200 29490
127400 19569
127600 32627
127800 10305
128000 6120
128200 18868
128400 2619
128600 8174
128800 47672
129000 4872
129200 72804
129400 15376
129600 38197
129800 23026
130000 2388
130200 30255
130400 27327
130600 6797
130800 48785
131000 11521
131200 3205
131400 9286
131600 48943
131800 12452
132000 4015
132200 26668
132400 13024
132600 5397
132800 19179
133000 48913
133200 48852
133400 19214
133600 3020
133800 5550
134000 14682
134200 30328
134400 11003
134600 6062
134800 48776
135000 11897
135200 72242
135400 27888
135600 20340
135800 78070
136000 24583
136200 48933
136400 2111
136600 11769
136800 5804
137000 25974
137200 25762
137400 44717
137600 31111
137800 34805
138000 24250
138200 33934
138400 0
138600 3062
138800 2750
139000 16821
139200 48743
139400 2916
139600 48854
139800 13856
140000 50260
140200 23798
140400 7151
140600 14479
140800 27416
141000 27905
141200 8681
141400 5172
141600 11745
141800 37283
142000 35128
142200 48788
142400 26743
142600 5392
142800 28548
143000 49736
143200 48860
143400 16187
143600 0
143800 9078
144000 47121
144200 8252
144400 29777
144600 11233
144800 0
145000 16123
145200 43494
145400 6285
145600 33597
145800 32722
146000 2926
146200 8258
146400 7151
146600 13280
146800 0
147000 42246
147200 12815
147400 10823
147600 30733
147800 22947
148000 42787
148200 26650
148400 57098
148600 2489
148800 31483
149000 40272
149200 44356
149400 48799
149600 48981
149800 13297
150000 3550
150200 7149
150400 20409
150600 1212
150800 9337
151000 33403
151200 12265
151400 39859
151600 18836
151800 11953
152000 13004
152200 8446
152400 4614
152600 6910
152800 48944
153000 2751
153200 2087
153400 2817
153600 43033
153800 17548
154000 24236
154200 6824
154400 3189
154600 13991
154800 22406
155000 26910
155200 4720
155400 20826
155600 4449
155800 4537
156000 48905
156200 32132
156400 7001
156600 37436
156800 18373
157000 15662
157200 17115
157400 2972
157600 2959
157800 4258
158000 29278
158200 48941
158400 48882
158600 9512
158800 5544
159000 6071
159200 11697
159400 46365
159600 15320
159800 2761
160000 0
160200 9013
160400 14359
160600 4270
160800 30806
161000 5169
161200 3822
161400 29700
161600 28377
161800 12340
162000 11876
162200 16227
162400 3312
162600 3086
162800 0
163000 12392
163200 4713
163400 38514
163600 9428
163800 16240
164000 8516
164200 11538
164400 2370
164600 2909
164800 10241
165000 13817
165200 4991
165400 33111
165600 6487
165800 18447
166000 14189
166200 48843
166400 29545
166600 6576
166800 35044
167000 59271
167200 12908
167400 6492
167600 9015
167800 48970
168000 6895
168200 6281
168400 14570
168600 4755
168800 32483
169000 16803
169200 14423
169400 13963
169600 6074
169800 9696
170000 13362
170200 0
170400 0
170600 0
170800 0
171000 50346
171200 48864
171400 48805
171600 41892
171800 19721
172000 0
172200 6173
172400 0
172600 0
172800 0
173000 26470
173200 32701
173400 0
173600 21645
173800 19705
174000 2969
174200 10520
174400 7081
174600 2346
174800 1367
175000 27969
175200 26044
175400 48897
175600 21623
175800 19988
176000 17497
176200 4621
176400 35302
176600 15478
176800 14886
177000 18205
177200 16945
177400 42564
177600 15787
177800 0
178000 11417
178200 23599
178400 28830
178600 81224
178800 109295
179000 24915
179200 20484
179400 15576
179600 22463
179800 40941
180000 96069
180200 49971
180400 17793
180600 22106
180800 48851
181000 234222
181200 3347
181400 25793
181600 36128
181800 120309
182000 46836
182200 27307
182400 61430
182600 114384
182800 2876
183000 3353
183200 36171
183400 124399
183600 206806
183800 3322
184000 25996
184200 39193
184400 48939
184600 248859
184800 3390
185000 57596
185200 92663
185400 48974
185600 41379
185800 73555
186000 50027
186200 182777
186400 61603
186600 3366
186800 33150
187000 56193
187200 60061
187400 59090
187600 20984
187800 66393
188000 41599
188200 112815
188400 59306
188600 248946
188800 18627
189000 21149
189200 133116
189400 3243
189600 452808
189800 49265
190000 128799
190200 27865
190400 3364
190600 196954
190800 67779
191000 94358
191200 49270
191400 33981
191600 48844
191800 48989
192000 226413
192200 117568
192400 122112
192600 179273
192800 48820
193000 51784
193200 57874
193400 44569
193600 248816
193800 95140
194000 400201
194200 257071
194400 99199
194600 75292
194800 42256
195000 23084
195200 25852
195400 193988
195600 35770
195800 37806
196000 227817
196200 3224
196400 137132
196600 3366
196800 41970
197000 139432
197200 24199
197400 258
197600 5991
197800 80873
198000 214101
198200 248955
198400 104429
198600 89421
198800 132534
199000 20828
199200 32731
199400 126219
199600 0
199800 124220
200000 247258
200200 248800
200400 10544
200600 3369
200800 208379
201000 85474
201200 13244
201400 84416
201600 8029
201800 12958
202000 47262
202200 244246
202400 43725
202600 76103
202800 59694
203000 49138
203200 89633
203400 44854
203600 70698
203800 222750
204000 149265
204200 310088
204400 159684
204600 64868
204800 383767
205000 33853
205200 85025
205400 18028
205600 185149
205800 5017
206000 204370
206200 92076
206400 148284
206600 134108
206800 259160
207000 92683
207200 10888
207400 48961
207600 119509
207800 198639
208000 0
208200 229213
208400 88149
208600 54511
208800 84029
209000 48888
209200 76722
209400 41716
209600 195186
209800 50449
210000 198926
210200 3293
210400 201372
210600 188644
210800 45577
211000 49851
211200 186086
211400 201257
211600 219169
211800 45250
212000 190333
212200 248565
212400 106362
212600 181942
212800 39126
213000 117504
213200 128506
213400 3311
213600 48846
213800 79210
214000 69825
214200 14586
214400 31959
214600 99990
214800 85587
215000 84680
215200 154965
215400 159596
215600 6908
215800 249827
216000 124266
216200 239017
216400 236204
216600 38491
216800 63964
217000 136010
217200 15869
217400 57970
217600 81943
217800 494715
218000 125662
218200 248078
218400 116956
218600 121890
218800 3230
219000 0
219200 55086
219400 257795
219600 70120
219800 248777
220000 268282
220200 48947
220400 248281
220600 69533
220800 48950
221000 136485
221200 250513
221400 160990
221600 52736
221800 208890
222000 49437
222200 85999
222400 48799
222600 91341
222800 171756
223000 248719
223200 248974
223400 12217
223600 244373
223800 248976
224000 182434
224200 80862
224400 248864
224600 248934
224800 169446
225000 111321
225200 88780
225400 90090
225600 248780
225800 10669
226000 205122
226200 155396
226400 55661
226600 79979
226800 149561
227000 139413
227200 74897
227400 3329
227600 20754
227800 0
228000 134717
228200 152301
228400 148815
228600 134497
228800 162504
229000 27949
229200 236860
229400 284313
229600 171550
229800 54032
230000 56747
230200 142618
230400 59998
230600 56397
230800 248973
231000 33270
231200 126156
231400 0
231600 248566
231800 50907
232000 119759
232200 83380
232400 104534
232600 248912
232800 203862
233000 248850
233200 325184
233400 81791
233600 83464
233800 90539
234000 148981
234200 96070
234400 248926
234600 148869
234800 310656
235000 148867
235200 461022
235400 111800
235600 118502
235800 93766
236000 52219
236200 209216
236400 105207
236600 248706
236800 472879
237000 192685
237200 78872
237400 35276
237600 99119
237800 133266
238000 27323
238200 248980
238400 248627
238600 248476
238800 248989
239000 138529
239200 37654
239400 40576
239600 14301
239800 86471
240000 12779
240200 248870
240400 95338
240600 75386
240800 132937
241000 65927
241200 62091
241400 154414
241600 108921
241800 102316
242000 248931
242200 93867
242400 17233
242600 7431
242800 248993
243000 129907
243200 291375
243400 224450
243600 35904
243800 72218
244000 6280
244200 23536
244400 76885
244600 7158
244800 3462
245000 3302
245200 86360
245400 90369
245600 7523
245800 24482
246000 11666
246200 248511
246400 181618
246600 2508
246800 12246
247000 12020
247200 248778
247400 171444
247600 76822
247800 72036
248000 173537
248200 100190
248400 44633
248600 1048
248800 46096
249000 28538
249200 72619
249400 107105
249600 37697
249800 10302
250000 95266
250200 230791
250400 247325
250600 0
250800 12988
251000 42617
251200 98213
251400 159583
251600 132178
251800 495420
252000 73257
252200 213385
252400 248840
252600 243484
252800 39378
253000 248854
253200 310901
253400 341457
253600 282018
253800 197559
254000 90865
254200 0
254400 36715
254600 297725
254800 207988
255000 46594
255200 327004
255400 98668
255600 50904
255800 212327
256000 183307
256200 99078
256400 248629
256600 498820
256800 248930
257000 59270
257200 96070
257400 133024
257600 248571
257800 48811
258000 99049
258200 56085
258400 186904
258600 197257
258800 157626
259000 95461
259200 71555
259400 182783
259600 204290
259800 248791
260000 56451
260200 248677
260400 243822
260600 45673
260800 141226
261000 94902
261200 248694
261400 181443
261600 136856
261800 5886
262000 109071
262200 222773
262400 283252
262600 48526
262800 198557
263000 157011
263200 54442
263400 6936
263600 253568
263800 156032
264000 80617
264200 98809
264400 248931
264600 47351
264800 59473
265000 145274
265200 57259
265400 136105
265600 148878
265800 253086
266000 309066
266200 39102
266400 273609
266600 13067
266800 85307
267000 244064
267200 148776
267400 23526
267600 158664
267800 69732
268000 304660
268200 243067
268400 248847
268600 248920
268800 148860
269000 202310
269200 120271
269400 100047
269600 248787
269800 114282
270000 248421
270200 198953
270400 198950
270600 32136
270800 248924
271000 241011
271200 248898
271400 248360
271600 466951
271800 248808
272000 498252
272200 666879
272400 215969
272600 92010
272800 159879
273000 44275
273200 367899
273400 248880
273600 209245
273800 94278
274000 140389
274200 100264
274400 248779
274600 86261
274800 235337
275000 48350
275200 183566
275400 32573
275600 58466
275800 63338
276000 40024
276200 146031
276400 6664
276600 109938
276800 30991
277000 105120
277200 32126
277400 375353
277600 248910
277800 348900
278000 68942
278200 32440
278400 121250
278600 248933
278800 498565
279000 250873
279200 170492
279400 120428
279600 98853
279800 188267
280000 129319
280200 69504
280400 32161
280600 225693
280800 34432
281000 48958
281200 122352
281400 205377
281600 220410
281800 98834
282000 498220
282200 169252
282400 52721
282600 131565
282800 498257
283000 10454
283200 124498
283400 347208
283600 174990
283800 22177
284000 93600
284200 99366
284400 48771
284600 248691
284800 54122
285000 61086
285200 87971
285400 60129
285600 248757
285800 121355
286000 29776
286200 92380
286400 348903
286600 135795
286800 348651
287000 300137
287200 54218
287400 186355
287600 348898
287800 227590
288000 498804
288200 330272
288400 131604
288600 290901
288800 230152
289000 405044
289200 391581
289400 348389
289600 379459
289800 226121
290000 331728
290200 29186
290400 43707
290600 197688
290800 220192
291000 265339
291200 57997
291400 222620
291600 131692
291800 348671
292000 133920
292200 61216
292400 307871
292600 56991
292800 90813
293000 166487
293200 289087
293400 348330
293600 26520
293800 86976
294000 76476
294200 202271
294400 80810
294600 12419
294800 220912
295000 103095
295200 129220
295400 44871
295600 437398
295800 15514
296000 186817
296200 248921
296400 239956
296600 242114
296800 17688
297000 173020
297200 348680
297400 237090
297600 64277
297800 150135
298000 12256
298200 248345
298400 171835
298600 260569
298800 248679
299000 114899
299200 382500
299400 203522
299600 320216
299800 348985
300000 128572
300200 248906
300400 346115
300600 748901
300800 77359
301000 546654
301200 14377
301400 60001
301600 111963
301800 274716
302000 127428
302200 261294
302400 73667
302600 348948
302800 333136
303000 94930
303200 257532
303400 43926
303600 91732
303800 34364
304000 348235
304200 199942
304400 348518
304600 149468
304800 31002
305000 147882
305200 5661
305400 120923
305600 113721
305800 235266
306000 348953
306200 348542
306400 294239
306600 748996
306800 28042
307000 127967
307200 42349
307400 748976
307600 24275
307800 143323
308000 90300
308200 3936
308400 14005
308600 37254
308800 29251
309000 748814
309200 252984
309400 101817
309600 196396
309800 348844
310000 358598
310200 56944
310400 269828
310600 342286
310800 8999
311000 62006
311200 78066
311400 248805
311600 167460
311800 317259
312000 143141
312200 4537
312400 343342
312600 558193
312800 429712
313000 215048
313200 185885
313400 12155
313600 104655
313800 248730
314000 748811
314200 68662
314400 247914
314600 451886
314800 70901
315000 103046
315200 648361
315400 244121
315600 19066
315800 397466
316000 0
316200 112110
316400 174845
316600 166769
316800 54040
317000 57451
317200 64504
317400 9623
317600 218703
317800 233354
318000 184923
318200 83591
318400 5899
318600 137771
318800 406036
319000 311448
319200 748859
319400 59610
319600 646824
319800 206988
320000 226829
320200 521858
320400 130851
320600 348124
320800 921545
321000 264935
321200 237705
321400 62570
321600 475021
321800 205997
322000 177532
322200 622415
322400 78169
322600 18696
322800 43143
323000 44915
323200 36555
323400 161162
323600 105910
323800 196886
324000 525750
324200 216745
324400 611889
324600 313943
324800 249590
325000 292304
325200 85885
325400 386008
325600 234558
325800 138725
326000 504548
326200 117150
326400 202896
326600 251393
326800 510698
327000 125288
327200 547586
327400 40901
327600 486118
327800 69300
328000 99713
328200 343487
328400 748954
328600 37825
328800 101643
329000 181706
329200 203587
329400 999598
329600 748921
329800 151746
330000 100089
330200 27603
330400 214760
330600 70267
330800 0
331000 999610
331200 99594
331400 83190
331600 89615
331800 38507
332000 289209
332200 556285
332400 325054
332600 748832
332800 6058
333000 400507
333200 79031
333400 0
333600 291384
333800 999543
334000 99845
334200 748951
334400 302232
334600 673580
334800 93005
335000 748875
335200 109911
335400 380896
335600 269090
335800 28801
336000 99686
336200 621103
336400 123871
336600 148962
336800 76846
337000 326466
337200 455061
337400 113300
337600 141301
337800 438127
338000 0
338200 454174
338400 299626
338600 341304
338800 589773
339000 748993
339200 434495
339400 231866
339600 398033
339800 748993
340000 197581
340200 748971
340400 363916
340600 790094
340800 83641
341000 668128
341200 281894
341400 364126
341600 85304
341800 709428
342000 226668
342200 748811
342400 127471
342600 748934
342800 41358
343000 748910
343200 748922
343400 536611
343600 329771
343800 31349
344000 748937
344200 134848
344400 996989
344600 109764
344800 31869
345000 494237
346000 277281
347000 84822
348000 226395
349000 503979
350000 995941
351000 898892
352000 473566
353000 59803
354000 428552
355000 39549
356000 171603
357000 838679
358000 999621
359000 981648
360000 778058
361000 379273
362000 0
363000 0
364000 748918
365000 948886
366000 0
367000 144638
368000 210792
369000 749177
370000 748932
371000 351727
372000 372304
373000 542005
374000 920970
375000 196364
376000 180716
377000 29241
378000 931168
379000 225510
380000 349486
381000 153035
382000 892346
383000 324245
384000 248758
385000 748876
386000 247933
387000 999716
388000 759551
389000 983617
390000 995921
391000 692791
392000 55969
393000 999649
394000 933040
395000 994969
396000 516239
397000 49505
398000 748909
399000 42792
400000 948763
401000 988940
402000 625362
403000 997989
404000 533878
405000 527818
406000 997878
407000 997955
408000 999662
409000 997958
410000 572316
411000 997946
412000 997851
413000 338007
414000 997981
415000 121368
416000 997845
417000 112179
418000 997935
419000 997882
420000 999570
421000 30455
422000 999557
423000 987653
424000 123111
425000 472511
426000 997980
427000 956363
428000 997949
429000 996798
430000 997793
431000 997951
432000 997791
433000 997834
434000 933874
435000 983276
436000 997898
437000 987596
438000 997898
439000 997818
440000 997927
441000 999640
442000 997999
443000 1834
444000 0
445000 945714
446000 998950
447000 997932
448000 998924
449000 997896
450000 999640
451000 997993
452000 997885
453000 998949
454000 934086
455000 998892
456000 997994
457000 999696
458000 997871
459000 11082
460000 557212
461000 998803
462000 997892
463000 998899
464000 998862
465000 997970
466000 998825
467000 997986
468000 999618
469000 997929
470000 997889
471000 997880
472000 988871
473000 988863
474000 998913
475000 243179
476000 337582
477000 997816
478000 999588
479000 996742
480000 997883
481000 465527
482000 997912
483000 1003218
484000 998961
485000 977303
486000 1019427
487000 999579
488000 1013889
489000 1048161
490000 726675
491000 8903
492000 1047320
493000 1056862
494000 1071853
495000 1399923
496000 1034964
497000 1185066
498000 1135976
499000 1056320
500000 1048257
501000 1149911
502000 1069994
503000 1116142
504000 1070439
505000 1035544
506000 1009606
507000 1151144
508000 1131566
509000 1071745
510000 1022938
511000 1002133
512000 1071739
513000 1054682
514000 0
515000 1122409
516000 1327315
517000 1098845
518000 631247
519000 431828
520000 1138749
521000 1104578
522000 1173245
523000 585212
524000 801020
525000 1096667
526000 1014616
527000 1179317
528000 167229
529000 234518
530000 1170161
531000 666550
532000 450956
533000 656653
534000 906183
535000 1345711
536000 700718
537000 1050075
538000 978332
539000 1056428
540000 529682
541000 1075145
542000 877
543000 1126460
544000 0
545000 1270562
546000 435718
547000 1150395
548000 1206978
549000 1172193
550000 1172211
551000 1560243
552000 1203384
553000 374610
554000 1270735
555000 111021
556000 1087967
557000 1155336
558000 178610
559000 1267588
560000 1262551
561000 1077414
562000 1175003
563000 1201340
564000 1226341
565000 82319
566000 492451
567000 1122930
568000 1337029
569000 1188420
570000 1166105
571000 1331790
572000 1276698
573000 1164490
574000 1165861
575000 1323692
576000 1420957
577000 1262474
578000 1295238
579000 1189713
580000 401073
581000 1505698
582000 1150761
583000 573320
584000 1316034
585000 1240780
586000 1329088
587000 1309382
588000 669146
589000 1058275
590000 1494071
591000 1243863
592000 1271791
593000 797791
594000 1306773
595000 847400
596000 106636
597000 79255
598000 1245537
599000 1235477
600000 870088
601000 1227088
602000 1305435
603000 1307076
604000 1192825
605000 72043
606000 603855
607000 1072242
608000 12148
609000 1160812
610000 798578
611000 1109736
612000 41237
613000 1251198
614000 234728
615000 1620809
616000 1219476
617000 171553
618000 1361889
619000 1308185
620000 1394374
621000 1399253
622000 1171343
623000 0
624000 1270193
625000 1248892
626000 1077576
627000 1486798
628000 1025206
629000 747893
630000 1186548
631000 1208144
632000 1777621
633000 1198126
634000 590942
635000 1313563
636000 1373394
637000 1253127
638000 1252821
639000 1663492
640000 0
641000 1415356
642000 1232731
643000 1258614
644000 1256291
645000 1209369
646000 1280347
647000 1353817
648000 1394425
649000 1374342
650000 1594716
651000 1336360
652000 1140849
653000 1191922
654000 1353126
655000 1382770
656000 1774610
657000 1258500
658000 1327661
659000 1364976
660000 1679651
661000 1215643
662000 1285262
663000 1365352
664000 1285965
665000 1231120
666000 1394285
667000 1798783
668000 1114295
669000 1218688
670000 1346817
671000 1315234
672000 1121255
673000 1354486
674000 1111405
675000 1209056
676000 1616253
677000 1346578
678000 1631801
679000 1092697
680000 1365922
681000 1354227
682000 1333545
683000 1241735
684000 1282082
685000 1253574
686000 1649199
687000 1101250
688000 1365144
689000 1377943
690000 1374131
691000 456441
692000 1261650
693000 358419
694000 237623
695000 1516077
696000 1308695
697000 1058131
698000 1554561
699000 1354993
700000 1276027
701000 1605384
702000 1315296
703000 1400607
704000 1281382
705000 1479791
706000 1478141
707000 61265
708000 1255831
709000 1336495
710000 1450517
711000 1409384
712000 1664483
713000 971891
714000 1603824
715000 1679802
716000 1283762
717000 1792116
718000 1569483
719000 98275
720000 1524468
721000 1296548
722000 45852
723000 1885178
724000 1488702
725000 1690768
726000 349375
727000 266332
728000 1291531
729000 1555846
730000 1210490
731000 1599576
732000 1257239
733000 1479486
734000 1625160
735000 1218585
736000 1520821
737000 1405993
738000 1591247
739000 1328492
740000 39168
741000 120533
742000 1422526
743000 345000
744000 1415731
745000 1722427
746000 1360374
747000 1720865
748000 1665659
749000 1503314
750000 1295104
751000 835199
752000 506777
753000 1463251
754000 1442999
755000 1914437
756000 1361590
757000 1628638
758000 852233
759000 1581358
760000 1041137
761000 1157240
762000 1252902
763000 1095315
764000 1896795
765000 1600199
766000 1423899
767000 189313
768000 192686
769000 1487410
770000 485522
771000 1631773
772000 231261
773000 1645414
774000 837604
775000 1593874
776000 2516600
777000 2108065
778000 1510241
779000 1400268
780000 1683469
781000 1926163
782000 1462926
783000 1576627
784000 2329684
785000 2283337
786000 1096998
787000 1219406
788000 1770194
789000 1568549
790000 1529629
791000 2466562
792000 0
793000 1647327
794000 1973496
795000 1972294
796000 1599817
797000 1535525
798000 1790933
799000 1365754
800000 1634261
801000 1499452
802000 1771993
803000 1725374
804000 1426214
805000 1703245
806000 1930263
807000 1831904
808000 1373457
809000 1859856
810000 1819946
811000 1102540
812000 1707722
813000 1701022
814000 1599708
815000 1606316
816000 1590487
817000 1568163
818000 1653903
819000 1804786
820000 1580204
821000 1547776
822000 1719247
823000 1782906
824000 1594357
825000 1717049
826000 1656354
827000 1773828
828000 1685733
829000 1384991
830000 1711552
831000 1736394
832000 1637249
833000 2125136
834000 1886257
835000 1679135
836000 1506863
837000 1676742
838000 1750946
839000 0
840000 2325218
841000 1807156
842000 1481904
843000 1670191
844000 1574832
845000 1553629
846000 1496530
847000 1437192
848000 1390719
849000 1747768
850000 1938634
851000 1701807
852000 1554881
853000 1716893
854000 2151351
855000 1773719
856000 1593360
857000 1527642
858000 1711583
859000 1652225
860000 1644690
861000 1560526
862000 2154465
863000 1691340
864000 1694386
865000 1495828
866000 1460639
867000 1778992
868000 1517319
869000 1665570
870000 1561493
871000 1516197
872000 1524614
873000 1536250
874000 1465892
875000 1622472
876000 1537854
877000 1499797
878000 1671815
879000 1969816
880000 1991535
881000 1810946
882000 1847230
883000 2478186
884000 2191932
885000 1842338
886000 2171202
887000 1650285
888000 1608294
889000 1716416
890000 1605156
891000 1476397
892000 1558511
893000 1660980
894000 1600753
895000 1593064
896000 1626985
897000 1497924
898000 1469429
899000 1480462
900000 1920302
901000 1577522
902000 1593922
903000 1661509
904000 265560
905000 1638131
906000 1564831
907000 1775126
908000 1553401
909000 940215
910000 1673930
911000 2321386
912000 1711429
913000 1168336
914000 1310097
915000 932121
916000 1152731
917000 289963
918000 1584507
919000 1706807
920000 1851314
921000 1572678
922000 1546678
923000 1598502
924000 1692550
925000 2087383
926000 1639702
927000 1507499
928000 628853
929000 1863084
930000 1616120
931000 1687407
932000 1377360
933000 3817439
934000 1619215
935000 3210915
936000 1647103
937000 1537561
938000 1738098
939000 1695674
940000 1785135
941000 1787675
942000 1823457
943000 1708884
944000 1603287
945000 1866249
946000 1479151
947000 2519893
948000 1612711
949000 1651550
950000 578272
951000 1626865
952000 1592485
953000 1590018
954000 1568985
955000 1699512
956000 1587712
957000 1374891
958000 1590206
959000 1612099
960000 328272
961000 1635553
962000 306556
963000 300433
964000 0
965000 318
966000 31355
967000 45420
968000 16169
969000 57932
970000 26693
971000 22465
972000 82679
973000 105595
974000 80770
975000 46629
